0.000000, 0.782319, 0.529325, 0.822354, 0.543939, 0.459840, 0.425349, 0.632817, 0.461381, 100000.000000, 0.624055, 0.258697, 0.581638, 0.646263, 0.839361, 0.615514, 0.688106, 0.289472, 0.537342, 0.560490, 0.170727, 0.255159, 0.380900, 100000.000000, 0.321878, 0.833643, 0.482336, 0.348060, 100000.000000, 0.783702, 0.574788, 0.685612, 0.607435, 0.654203, 0.383248, 0.449739, 0.598098, 0.790255, 0.063145, 0.275784, 0.514107, 0.257416, 0.404406, 0.252600, 0.766497, 0.373422, 1.275729, 0.491263, 0.488574, 0.123634, 0.481521, 0.605753, 0.323231, 0.464992, 0.683159, 0.247711, 0.675746, 0.406056, 0.506589, 0.396197, 0.377564, 0.305899, 0.231684, 0.589962, 0.528168, 0.446565, 0.636405, 0.341322, 0.611432, 0.227634, 0.741541, 0.536093, 0.606072, 0.482708, 0.372176, 0.833853, 0.619361, 0.295648, 0.113025, 0.432732, 0.469657, 0.595970, 0.580984, 0.442947, 0.738354, 0.897394, 0.519455, 0.479886, 0.687797, 0.380904, 0.606572, 0.522802, 0.776034, 0.511476, 0.583097, 1.121205, 0.193730, 0.534044, 0.689931, 0.654189, 
0.782319, 0.000000, 0.851215, 1.390376, 0.445047, 1.077907, 0.388444, 0.369531, 0.973521, 100000.000000, 0.478979, 0.931953, 0.525910, 0.674295, 1.373369, 0.548911, 0.472623, 0.723805, 0.537801, 0.854295, 0.818258, 1.020179, 1.022498, 100000.000000, 0.920689, 0.155342, 0.889337, 0.625179, 100000.000000, 1.060821, 0.500555, 0.474631, 0.467908, 0.160155, 0.598453, 0.870212, 0.491085, 0.766921, 0.831818, 0.956638, 0.867530, 1.020350, 0.688469, 0.529719, 0.114455, 0.701721, 1.325082, 0.611772, 0.972730, 0.888654, 1.014661, 0.390271, 0.963188, 0.638043, 0.298542, 0.733990, 0.193106, 0.993607, 1.065601, 0.679146, 0.958649, 0.945856, 0.550635, 0.671463, 0.935169, 1.008922, 0.685758, 0.440997, 0.348147, 0.996307, 0.551061, 0.564125, 0.893633, 0.616724, 1.078607, 0.351213, 0.792413, 0.702649, 0.875960, 1.002170, 0.344700, 0.564273, 0.294149, 1.115411, 0.598827, 1.250818, 0.293173, 0.633910, 0.542085, 0.943261, 0.727081, 0.259517, 1.058983, 0.660358, 0.999597, 0.736588, 0.795256, 0.478100, 0.843955, 0.774698, 
0.529325, 0.851215, 0.000000, 0.689188, 0.731809, 0.528158, 0.494919, 0.701496, 0.291918, 100000.000000, 1.043717, 0.382213, 0.426680, 0.619695, 0.706195, 1.039040, 1.086837, 0.477342, 0.335146, 0.031165, 0.358598, 0.383015, 0.481738, 100000.000000, 0.632949, 1.006557, 0.887436, 0.603393, 100000.000000, 1.039035, 0.984683, 1.028613, 0.952035, 1.011370, 0.912573, 0.191172, 0.360129, 0.763311, 0.592470, 0.586854, 0.126804, 0.560690, 0.625697, 0.642059, 0.770593, 0.499066, 0.804780, 0.914789, 0.149600, 0.428993, 0.250779, 1.004485, 0.422428, 0.941060, 0.912756, 0.777036, 0.679841, 0.717126, 0.817660, 0.827489, 0.647416, 0.432593, 0.662975, 0.211900, 0.841604, 0.573258, 0.165457, 0.553337, 0.680328, 0.635004, 0.748462, 0.509526, 1.135397, 0.377610, 0.779547, 0.837948, 1.095430, 0.824973, 0.416300, 0.299567, 0.841432, 0.985429, 0.649879, 0.677651, 1.082954, 0.510091, 0.558042, 0.937205, 1.096066, 0.507598, 1.030098, 0.591698, 1.098490, 0.943050, 0.987902, 1.350802, 0.381600, 0.474490, 1.127782, 1.077715, 
0.822354, 1.390376, 0.689188, 0.000000, 1.140242, 1.058228, 1.133085, 1.247960, 0.418270, 100000.000000, 1.341251, 0.563657, 0.976796, 0.937835, 0.017007, 1.372518, 1.376769, 0.885775, 0.852575, 0.720354, 0.767030, 0.851832, 0.980930, 100000.000000, 1.123676, 1.429946, 1.239340, 1.011826, 100000.000000, 1.447468, 1.322968, 1.210057, 1.355615, 1.402838, 1.140252, 0.754698, 0.918112, 1.081828, 0.885499, 1.086046, 0.815992, 0.853719, 0.807141, 1.000780, 1.277337, 0.969725, 1.493969, 1.248267, 0.618417, 0.722022, 0.438410, 1.294417, 0.921620, 1.221996, 1.386146, 1.004715, 1.197270, 1.216318, 1.316852, 1.144377, 1.177487, 0.904288, 0.979864, 0.894921, 1.250037, 1.044953, 0.854645, 1.054613, 1.226576, 1.047978, 1.298578, 0.827666, 1.363076, 1.004827, 1.192520, 1.355377, 1.376365, 1.052652, 0.709329, 0.389622, 1.218292, 1.299699, 1.196127, 1.151443, 1.354335, 1.199280, 1.116025, 1.236890, 1.277510, 0.979292, 1.363576, 1.137946, 1.506922, 1.268480, 1.403442, 1.824192, 0.790033, 1.024606, 1.446935, 1.411193, 
0.543939, 0.445047, 0.731809, 1.140242, 0.000000, 0.778673, 0.432828, 0.193886, 0.779269, 100000.000000, 0.585583, 0.576585, 0.468703, 0.728002, 1.157249, 0.655514, 0.579227, 0.402683, 0.589271, 0.762974, 0.373211, 0.575132, 0.701375, 100000.000000, 0.719252, 0.289705, 0.812776, 0.413817, 100000.000000, 0.849459, 0.607159, 0.575750, 0.574511, 0.463150, 0.705057, 0.767626, 0.535253, 0.760396, 0.607084, 0.673158, 0.831994, 0.575303, 0.689755, 0.496116, 0.547595, 0.691310, 1.369249, 0.685628, 0.808547, 0.443607, 0.799408, 0.496875, 0.642065, 0.659357, 0.405146, 0.791650, 0.456844, 0.803430, 0.897376, 0.681546, 0.774938, 0.624733, 0.517033, 0.715846, 0.766945, 0.765398, 0.729926, 0.485380, 0.215270, 0.625008, 0.197602, 0.617833, 0.842073, 0.595919, 0.769550, 0.299653, 0.813726, 0.809252, 0.430913, 0.750620, 0.278604, 0.486108, 0.362082, 0.840321, 0.705430, 1.215282, 0.337556, 0.708044, 0.643204, 0.699738, 0.800937, 0.303900, 1.023830, 0.734213, 0.980472, 0.843192, 0.350209, 0.471574, 0.918089, 0.848554, 
0.459840, 1.077907, 0.528158, 1.058228, 0.778673, 0.000000, 0.733316, 0.773033, 0.697255, 100000.000000, 0.820031, 0.494571, 0.889604, 0.856266, 1.075235, 0.811490, 0.769988, 0.375991, 0.773216, 0.559323, 0.406601, 0.467731, 0.229947, 100000.000000, 0.174944, 1.068378, 0.628107, 0.502042, 100000.000000, 0.937684, 0.837382, 0.771996, 0.850684, 0.962625, 0.579224, 0.465722, 0.838753, 1.000259, 0.433677, 0.221038, 0.401354, 0.238865, 0.483736, 0.560567, 1.074464, 0.609296, 1.332938, 0.687238, 0.677758, 0.336206, 0.717395, 0.687636, 0.170637, 0.660967, 0.779365, 0.707551, 0.983712, 0.351310, 0.451844, 0.719104, 0.119258, 0.153940, 0.581483, 0.740058, 0.582276, 0.294605, 0.693614, 0.649289, 0.751649, 0.269188, 0.976276, 0.746097, 0.993843, 0.569227, 0.413731, 1.078326, 0.815337, 0.683419, 0.348900, 0.668607, 0.778079, 0.861638, 0.888950, 0.155870, 0.906461, 0.784642, 0.827422, 0.690369, 0.839449, 0.228944, 0.802547, 0.830769, 0.997139, 0.721959, 0.459745, 1.217411, 0.429604, 0.842010, 0.900414, 0.850164, 
0.425349, 0.388444, 0.494919, 1.133085, 0.432828, 0.733316, 0.000000, 0.238942, 0.714814, 100000.000000, 0.630639, 0.575102, 0.156289, 0.415588, 1.123944, 0.681088, 0.624283, 0.385282, 0.288376, 0.497999, 0.504026, 0.680508, 0.683974, 100000.000000, 0.669743, 0.543786, 0.739706, 0.259231, 100000.000000, 0.694873, 0.536769, 0.605761, 0.569417, 0.548599, 0.448822, 0.548384, 0.222839, 0.397706, 0.474848, 0.687487, 0.510679, 0.682765, 0.331618, 0.172749, 0.372622, 0.452296, 0.968786, 0.556837, 0.616433, 0.548983, 0.745697, 0.541930, 0.624665, 0.530566, 0.450201, 0.584359, 0.281871, 0.636756, 0.737290, 0.358179, 0.614057, 0.607333, 0.193665, 0.283019, 0.749544, 0.652071, 0.329462, 0.084146, 0.217558, 0.639337, 0.382856, 0.305419, 0.863442, 0.259873, 0.721756, 0.439978, 0.684936, 0.553018, 0.538374, 0.743463, 0.378661, 0.516119, 0.187109, 0.758560, 0.700336, 0.893967, 0.162583, 0.559967, 0.673215, 0.586410, 0.672146, 0.128927, 0.738016, 0.591558, 0.932677, 0.888247, 0.527029, 0.108885, 0.770012, 0.719763, 
0.632817, 0.369531, 0.701496, 1.247960, 0.193886, 0.773033, 0.238942, 0.000000, 0.833342, 100000.000000, 0.391697, 0.719160, 0.274817, 0.534116, 1.230953, 0.461628, 0.385341, 0.397042, 0.395385, 0.704576, 0.515787, 0.717707, 0.695735, 100000.000000, 0.833406, 0.483591, 0.802055, 0.475676, 100000.000000, 0.911318, 0.413273, 0.381864, 0.380625, 0.529686, 0.511171, 0.720494, 0.341367, 0.611448, 0.682316, 0.800851, 0.718028, 0.717879, 0.538966, 0.380217, 0.353709, 0.559305, 1.175364, 0.491742, 0.823011, 0.586182, 0.874482, 0.302989, 0.636425, 0.465471, 0.211260, 0.646707, 0.262958, 0.844104, 0.891736, 0.565646, 0.821525, 0.619093, 0.401133, 0.521961, 0.761304, 0.759758, 0.536040, 0.291494, 0.021384, 0.796734, 0.391488, 0.423947, 0.925790, 0.467221, 0.929104, 0.421065, 0.619840, 0.615366, 0.573488, 0.861991, 0.359748, 0.292222, 0.168196, 0.866248, 0.511544, 1.101315, 0.143670, 0.514158, 0.449318, 0.694097, 0.607051, 0.110014, 0.945483, 0.540327, 1.069448, 0.649306, 0.538789, 0.322627, 0.724203, 0.654668, 
0.461381, 0.973521, 0.291918, 0.418270, 0.779269, 0.697255, 0.714814, 0.833342, 0.000000, 100000.000000, 0.962789, 0.202684, 0.558526, 0.519565, 0.435278, 0.954247, 1.015796, 0.524802, 0.627064, 0.323084, 0.406058, 0.454561, 0.619957, 100000.000000, 0.762703, 1.068974, 0.821070, 0.650853, 100000.000000, 1.086495, 0.961995, 0.849084, 0.994642, 1.041865, 0.721981, 0.393725, 0.625076, 0.663557, 0.524527, 0.725073, 0.418722, 0.492746, 0.446168, 0.639807, 0.859066, 0.572066, 1.096699, 0.829996, 0.221147, 0.361050, 0.041140, 0.933444, 0.560647, 0.803725, 1.021892, 0.586445, 0.891330, 0.855345, 0.955879, 0.783404, 0.816514, 0.543315, 0.618891, 0.503818, 0.866901, 0.683980, 0.457375, 0.693640, 0.854726, 0.687005, 0.880308, 0.409395, 0.944805, 0.586557, 0.831548, 1.005388, 0.958095, 0.634381, 0.348356, 0.028649, 0.857320, 0.938726, 0.790287, 0.790470, 0.993362, 0.802010, 0.822989, 0.818619, 0.916537, 0.618320, 0.945305, 0.843742, 1.145950, 0.850210, 1.042469, 1.459938, 0.429060, 0.606336, 1.028664, 0.992922, 
100000.000000, 100000.000000, 100000.000000, 100000.000000, 100000.000000, 100000.000000, 100000.000000, 100000.000000, 100000.000000, 0.000000, 100000.000000, 100000.000000, 100000.000000, 100000.000000, 100000.000000, 100000.000000, 100000.000000, 100000.000000, 100000.000000, 100000.000000, 100000.000000, 100000.000000, 100000.000000, 100000.000000, 100000.000000, 100000.000000, 100000.000000, 100000.000000, 100000.000000, 100000.000000, 100000.000000, 100000.000000, 100000.000000, 100000.000000, 100000.000000, 100000.000000, 100000.000000, 100000.000000, 100000.000000, 100000.000000, 100000.000000, 100000.000000, 100000.000000, 100000.000000, 100000.000000, 100000.000000, 100000.000000, 100000.000000, 100000.000000, 100000.000000, 100000.000000, 100000.000000, 100000.000000, 100000.000000, 100000.000000, 100000.000000, 100000.000000, 100000.000000, 100000.000000, 100000.000000, 100000.000000, 100000.000000, 100000.000000, 100000.000000, 100000.000000, 100000.000000, 100000.000000, 100000.000000, 100000.000000, 100000.000000, 100000.000000, 100000.000000, 100000.000000, 100000.000000, 100000.000000, 100000.000000, 100000.000000, 100000.000000, 100000.000000, 100000.000000, 100000.000000, 100000.000000, 100000.000000, 100000.000000, 100000.000000, 100000.000000, 100000.000000, 100000.000000, 100000.000000, 100000.000000, 100000.000000, 100000.000000, 100000.000000, 100000.000000, 100000.000000, 100000.000000, 100000.000000, 100000.000000, 100000.000000, 100000.000000, 
0.624055, 0.478979, 1.043717, 1.341251, 0.585583, 0.820031, 0.630639, 0.391697, 0.962789, 100000.000000, 0.000000, 0.777595, 0.666514, 0.925813, 1.358258, 0.108353, 0.217780, 0.566375, 0.787082, 1.074883, 0.685119, 0.879214, 0.704109, 100000.000000, 0.645087, 0.634321, 0.531692, 0.440324, 100000.000000, 0.875966, 0.124329, 0.131195, 0.091682, 0.639134, 0.240807, 0.968636, 0.733064, 1.003145, 0.687201, 0.598993, 0.973190, 0.881471, 0.534110, 0.488349, 0.593434, 0.951002, 1.567061, 0.132793, 1.112629, 0.747689, 1.000418, 0.215555, 0.763419, 0.159064, 0.180437, 0.376344, 0.654655, 0.677629, 0.707955, 0.302920, 0.700773, 0.780751, 0.467433, 0.913658, 0.577523, 0.854563, 0.927737, 0.577072, 0.413081, 0.647143, 0.783185, 0.815644, 0.655427, 0.722383, 0.616400, 0.693774, 0.313433, 0.345003, 0.737081, 0.951630, 0.705862, 0.220837, 0.559893, 0.766156, 0.222601, 1.356477, 0.535367, 0.154930, 0.063741, 0.788902, 0.248101, 0.501711, 0.682757, 0.181378, 0.827321, 0.618483, 0.708122, 0.714324, 0.364976, 0.295719, 
0.258697, 0.931953, 0.382213, 0.563657, 0.576585, 0.494571, 0.575102, 0.719160, 0.202684, 100000.000000, 0.777595, 0.000000, 0.619997, 0.619565, 0.580664, 0.841628, 0.813112, 0.322118, 0.487910, 0.413378, 0.203374, 0.289891, 0.417273, 100000.000000, 0.560019, 0.866290, 0.732212, 0.448169, 100000.000000, 0.883811, 0.759311, 0.646400, 0.791959, 0.839181, 0.641945, 0.191041, 0.553447, 0.763558, 0.321843, 0.522389, 0.255409, 0.290062, 0.243484, 0.437123, 0.916131, 0.406069, 1.017031, 0.749960, 0.402830, 0.158366, 0.222823, 0.730760, 0.357963, 0.723689, 0.822489, 0.506409, 0.825379, 0.652661, 0.753195, 0.580721, 0.613830, 0.340631, 0.416207, 0.331264, 0.686380, 0.481296, 0.377708, 0.490956, 0.697776, 0.484321, 0.774188, 0.509396, 0.864769, 0.506216, 0.628864, 0.876238, 0.878059, 0.554345, 0.145672, 0.174035, 0.654636, 0.736042, 0.730618, 0.587786, 0.790678, 0.638697, 0.669089, 0.738583, 0.713853, 0.415636, 0.865269, 0.672436, 0.943266, 0.770174, 0.839785, 1.260535, 0.226376, 0.630541, 0.948628, 0.912886, 
0.581638, 0.525910, 0.426680, 0.976796, 0.468703, 0.889604, 0.156289, 0.274817, 0.558526, 100000.000000, 0.666514, 0.619997, 0.000000, 0.259300, 0.967655, 0.736445, 0.660158, 0.519237, 0.132087, 0.429760, 0.614106, 0.700623, 0.817929, 100000.000000, 0.826031, 0.681252, 0.895995, 0.415520, 100000.000000, 0.851161, 0.655073, 0.656681, 0.655442, 0.607859, 0.605111, 0.445677, 0.066550, 0.336631, 0.631137, 0.843775, 0.510045, 0.700794, 0.487906, 0.329038, 0.423556, 0.296007, 0.900547, 0.686520, 0.548195, 0.569098, 0.599666, 0.577805, 0.758619, 0.686854, 0.486076, 0.740648, 0.332804, 0.793045, 0.893579, 0.476483, 0.770346, 0.741287, 0.349954, 0.288733, 0.883499, 0.754035, 0.261223, 0.240435, 0.296201, 0.795625, 0.321782, 0.149130, 0.989282, 0.326292, 0.878045, 0.446863, 0.841224, 0.709306, 0.556404, 0.587175, 0.423313, 0.567039, 0.231761, 0.914849, 0.786361, 0.893333, 0.264463, 0.708937, 0.724134, 0.742698, 0.801829, 0.285216, 0.856320, 0.735106, 1.088966, 0.924122, 0.637108, 0.047810, 0.918982, 0.849446, 
0.646263, 0.674295, 0.619695, 0.937835, 0.728002, 0.856266, 0.415588, 0.534116, 0.519565, 100000.000000, 0.925813, 0.619565, 0.259300, 0.000000, 0.954842, 0.995745, 0.919457, 0.480275, 0.391387, 0.650861, 0.590939, 0.677456, 0.778968, 100000.000000, 0.930178, 0.829637, 0.890369, 0.569390, 100000.000000, 1.005031, 0.914373, 0.915980, 0.914742, 0.834449, 0.827733, 0.428523, 0.325850, 0.143993, 0.709408, 0.884084, 0.492891, 0.677627, 0.710529, 0.551779, 0.559840, 0.272840, 1.159847, 0.880786, 0.740711, 0.545931, 0.560704, 0.837105, 0.719658, 0.907057, 0.745376, 0.893974, 0.592104, 1.014356, 0.974969, 0.735782, 0.975525, 0.702326, 0.572696, 0.548033, 0.844537, 0.715074, 0.520523, 0.463057, 0.555500, 0.871886, 0.581082, 0.110169, 1.242353, 0.287331, 1.016429, 0.706162, 1.061427, 0.931929, 0.533237, 0.548213, 0.682613, 0.826338, 0.491061, 0.915003, 1.045661, 0.876179, 0.523763, 0.903202, 0.983434, 0.777330, 0.996094, 0.544516, 1.101423, 0.929371, 1.227350, 1.183422, 0.613941, 0.307110, 1.113247, 1.043712, 
0.839361, 1.373369, 0.706195, 0.017007, 1.157249, 1.075235, 1.123944, 1.230953, 0.435278, 100000.000000, 1.358258, 0.580664, 0.967655, 0.954842, 0.000000, 1.389525, 1.393776, 0.902782, 0.835568, 0.737361, 0.784038, 0.868839, 0.997937, 100000.000000, 1.140683, 1.446953, 1.256347, 1.028833, 100000.000000, 1.464475, 1.339975, 1.227064, 1.372622, 1.419845, 1.157259, 0.771705, 0.901105, 1.098835, 0.902506, 1.103053, 0.832999, 0.870726, 0.824148, 1.017787, 1.271015, 0.986733, 1.510976, 1.265274, 0.635424, 0.739029, 0.455417, 1.311424, 0.938627, 1.239003, 1.403153, 1.021722, 1.180263, 1.233325, 1.333859, 1.161384, 1.194494, 0.921295, 0.996871, 0.911928, 1.267044, 1.061960, 0.871652, 1.071620, 1.209569, 1.064985, 1.289437, 0.844673, 1.380083, 1.021834, 1.209527, 1.338370, 1.393372, 1.069659, 0.726336, 0.406629, 1.235299, 1.316706, 1.179120, 1.168450, 1.371342, 1.216287, 1.099018, 1.253897, 1.294517, 0.996299, 1.380583, 1.120939, 1.523930, 1.285487, 1.420449, 1.841199, 0.807040, 1.015465, 1.463942, 1.428200, 
0.615514, 0.548911, 1.039040, 1.372518, 0.655514, 0.811490, 0.681088, 0.461628, 0.954247, 100000.000000, 0.108353, 0.841628, 0.736445, 0.995745, 1.389525, 0.000000, 0.281813, 0.561698, 0.857014, 1.070206, 0.680442, 0.870673, 0.695568, 100000.000000, 0.636546, 0.704253, 0.523150, 0.435647, 100000.000000, 0.871289, 0.232682, 0.195228, 0.200035, 0.709066, 0.232266, 1.032669, 0.802995, 1.051783, 0.678659, 0.590451, 0.968513, 0.872930, 0.598144, 0.519719, 0.663365, 0.988936, 1.636992, 0.124251, 1.104088, 0.739148, 0.995387, 0.279588, 0.754877, 0.150522, 0.250369, 0.367803, 0.724586, 0.669087, 0.699414, 0.334289, 0.692231, 0.772209, 0.498802, 0.964107, 0.568982, 0.912874, 0.997668, 0.596942, 0.483013, 0.638601, 0.853117, 0.885575, 0.646886, 0.717706, 0.607858, 0.753731, 0.304892, 0.336462, 0.728539, 0.982896, 0.737231, 0.280794, 0.629824, 0.757615, 0.330954, 1.351800, 0.605298, 0.146667, 0.127774, 0.847213, 0.239560, 0.571643, 0.714126, 0.172837, 0.818779, 0.688415, 0.703445, 0.762962, 0.356713, 0.287177, 
0.688106, 0.472623, 1.086837, 1.376769, 0.579227, 0.769988, 0.624283, 0.385341, 1.015796, 100000.000000, 0.217780, 0.813112, 0.660158, 0.919457, 1.393776, 0.281813, 0.000000, 0.739440, 0.780726, 1.089917, 0.858184, 0.943265, 0.768159, 100000.000000, 0.706416, 0.627965, 0.595742, 0.613389, 100000.000000, 1.049030, 0.232099, 0.166713, 0.264746, 0.632778, 0.304858, 1.004154, 0.726708, 0.996789, 0.751251, 0.663043, 1.068522, 0.945521, 0.569628, 0.596119, 0.587078, 0.944646, 1.560705, 0.350572, 1.176679, 0.811739, 1.035936, 0.082352, 0.819830, 0.376843, 0.174081, 0.440394, 0.648299, 0.741679, 0.772005, 0.410689, 0.650730, 0.802498, 0.575203, 0.907302, 0.641574, 0.661833, 0.921381, 0.669534, 0.406725, 0.711193, 0.776829, 0.809288, 0.719477, 0.845260, 0.826679, 0.729292, 0.482996, 0.409053, 0.801131, 0.987147, 0.745089, 0.256354, 0.553537, 0.830206, 0.310991, 1.451809, 0.529011, 0.372710, 0.154038, 0.727494, 0.465881, 0.495355, 0.790526, 0.399158, 0.991216, 0.612127, 0.881186, 0.707968, 0.582755, 0.513498, 
0.289472, 0.723805, 0.477342, 0.885775, 0.402683, 0.375991, 0.385282, 0.397042, 0.524802, 100000.000000, 0.566375, 0.322118, 0.519237, 0.480275, 0.902782, 0.561698, 0.739440, 0.000000, 0.408987, 0.508507, 0.118744, 0.320665, 0.298692, 100000.000000, 0.449903, 0.692387, 0.410094, 0.126051, 100000.000000, 0.561693, 0.507341, 0.654523, 0.474693, 0.623569, 0.545462, 0.508411, 0.474524, 0.624268, 0.352617, 0.403809, 0.444043, 0.320836, 0.415150, 0.221511, 0.707983, 0.436843, 1.251400, 0.437447, 0.554080, 0.189140, 0.544941, 0.657087, 0.239382, 0.463718, 0.608302, 0.537183, 0.617232, 0.534080, 0.494694, 0.406941, 0.495249, 0.222051, 0.242427, 0.565633, 0.364262, 0.362716, 0.612076, 0.310233, 0.375658, 0.399692, 0.600285, 0.370106, 0.895543, 0.193236, 0.544234, 0.702335, 0.618088, 0.585119, 0.176446, 0.496153, 0.439023, 0.564881, 0.522470, 0.469205, 0.605612, 0.827330, 0.488367, 0.459863, 0.630116, 0.297055, 0.552756, 0.464288, 0.621148, 0.486032, 0.755155, 1.046348, 0.141746, 0.494167, 0.669908, 0.600373, 
0.537342, 0.537801, 0.335146, 0.852575, 0.589271, 0.773216, 0.288376, 0.395385, 0.627064, 100000.000000, 0.787082, 0.487910, 0.132087, 0.391387, 0.835568, 0.857014, 0.780726, 0.408987, 0.000000, 0.366312, 0.482019, 0.568536, 0.695918, 100000.000000, 0.838664, 0.693143, 0.819081, 0.497810, 100000.000000, 0.933452, 0.775055, 0.777249, 0.776011, 0.697956, 0.686989, 0.444664, 0.065537, 0.468719, 0.600488, 0.801034, 0.461950, 0.568707, 0.569784, 0.411035, 0.435447, 0.163920, 0.842413, 0.795003, 0.484746, 0.437011, 0.585925, 0.698374, 0.636608, 0.768732, 0.606645, 0.785053, 0.344695, 0.874923, 0.850031, 0.596464, 0.852343, 0.619276, 0.431951, 0.156646, 0.773249, 0.759941, 0.203089, 0.322313, 0.374001, 0.762966, 0.453869, 0.281218, 1.045222, 0.215751, 0.907509, 0.502802, 0.923102, 0.791184, 0.424317, 0.634713, 0.535105, 0.687607, 0.343552, 0.866431, 0.906930, 0.845238, 0.263450, 0.798134, 0.844703, 0.694280, 0.910312, 0.285371, 0.976301, 0.829724, 1.118430, 1.044691, 0.505021, 0.179897, 1.008179, 0.957929, 
0.560490, 0.854295, 0.031165, 0.720354, 0.762974, 0.559323, 0.497999, 0.704576, 0.323084, 100000.000000, 1.074883, 0.413378, 0.429760, 0.650861, 0.737361, 1.070206, 1.089917, 0.508507, 0.366312, 0.000000, 0.389763, 0.351849, 0.512903, 100000.000000, 0.664114, 1.009637, 0.918601, 0.634558, 100000.000000, 1.070200, 1.015848, 1.059778, 0.983201, 1.014450, 0.943738, 0.222337, 0.363209, 0.766391, 0.623636, 0.618020, 0.157969, 0.591855, 0.656863, 0.670748, 0.801758, 0.530232, 0.807860, 0.945954, 0.118435, 0.460159, 0.281944, 1.007565, 0.453594, 0.972225, 0.915836, 0.808202, 0.711007, 0.748292, 0.848825, 0.856177, 0.678582, 0.463759, 0.691664, 0.214980, 0.872769, 0.604424, 0.168537, 0.582145, 0.683408, 0.666170, 0.751542, 0.540691, 1.166562, 0.408776, 0.810712, 0.869114, 1.126595, 0.856138, 0.447465, 0.330732, 0.844512, 0.996799, 0.652959, 0.708816, 1.114120, 0.541257, 0.561122, 0.968370, 1.127232, 0.538763, 1.061263, 0.594778, 1.129655, 0.974216, 1.019068, 1.353882, 0.412765, 0.477570, 1.158947, 1.108880, 
0.170727, 0.818258, 0.358598, 0.767030, 0.373211, 0.406601, 0.504026, 0.515787, 0.406058, 100000.000000, 0.685119, 0.203374, 0.614106, 0.590939, 0.784038, 0.680442, 0.858184, 0.118744, 0.482019, 0.389763, 0.000000, 0.201921, 0.329303, 100000.000000, 0.356645, 0.662916, 0.528838, 0.244795, 100000.000000, 0.680437, 0.626085, 0.773267, 0.593438, 0.742313, 0.553975, 0.394415, 0.547556, 0.734932, 0.233873, 0.329097, 0.458783, 0.202092, 0.446858, 0.340255, 0.826728, 0.318099, 1.163378, 0.556191, 0.435335, 0.070396, 0.426197, 0.775831, 0.269993, 0.582462, 0.727046, 0.418439, 0.735976, 0.459369, 0.559903, 0.525685, 0.412331, 0.252661, 0.361171, 0.534638, 0.483006, 0.393326, 0.524054, 0.428977, 0.494402, 0.280947, 0.570814, 0.480770, 0.776799, 0.311980, 0.425490, 0.672864, 0.736832, 0.466375, 0.057702, 0.377409, 0.557768, 0.683625, 0.641214, 0.496261, 0.724357, 0.842071, 0.607111, 0.578607, 0.748861, 0.327666, 0.671500, 0.583033, 0.739892, 0.584453, 0.636411, 1.165092, 0.023002, 0.612911, 0.769184, 0.719117, 
0.255159, 1.020179, 0.383015, 0.851832, 0.575132, 0.467731, 0.680508, 0.717707, 0.454561, 100000.000000, 0.879214, 0.289891, 0.700623, 0.677456, 0.868839, 0.870673, 0.943265, 0.320665, 0.568536, 0.351849, 0.201921, 0.000000, 0.390432, 100000.000000, 0.541643, 0.864837, 0.722079, 0.446716, 100000.000000, 0.882358, 0.828006, 0.936291, 0.795358, 0.909362, 0.638407, 0.480932, 0.634073, 0.821449, 0.318304, 0.495549, 0.509819, 0.288609, 0.533375, 0.507759, 1.003982, 0.404616, 1.159710, 0.746422, 0.233415, 0.131525, 0.413422, 0.860912, 0.331123, 0.720151, 0.928967, 0.502870, 0.913231, 0.625821, 0.726354, 0.651356, 0.586989, 0.313791, 0.486843, 0.566829, 0.684927, 0.335763, 0.520386, 0.596481, 0.696323, 0.482793, 0.772735, 0.567287, 0.845814, 0.513901, 0.627335, 0.874785, 0.874520, 0.535390, 0.144219, 0.462210, 0.724816, 0.851129, 0.836143, 0.560945, 0.926277, 0.893106, 0.774614, 0.735045, 0.942956, 0.388795, 0.861731, 0.777961, 0.941813, 0.766635, 0.838256, 1.367013, 0.224923, 0.748433, 0.945090, 0.909348, 
0.380900, 1.022498, 0.481738, 0.980930, 0.701375, 0.229947, 0.683974, 0.695735, 0.619957, 100000.000000, 0.704109, 0.417273, 0.817929, 0.778968, 0.997937, 0.695568, 0.768159, 0.298692, 0.695918, 0.512903, 0.329303, 0.390432, 0.000000, 100000.000000, 0.151210, 0.991080, 0.512185, 0.424743, 100000.000000, 0.860385, 0.781772, 0.770167, 0.773386, 0.922261, 0.463302, 0.608314, 0.761455, 0.922961, 0.317755, 0.105116, 0.608542, 0.415991, 0.406438, 0.520203, 1.006676, 0.531998, 1.286519, 0.571316, 0.623847, 0.258907, 0.640096, 0.685807, 0.059310, 0.545045, 0.763213, 0.598838, 0.915924, 0.235388, 0.335922, 0.603182, 0.206896, 0.076642, 0.541120, 0.693638, 0.466354, 0.217307, 0.647195, 0.608925, 0.674351, 0.153266, 0.898977, 0.668798, 0.877921, 0.491928, 0.297809, 1.001028, 0.699415, 0.567497, 0.271601, 0.591308, 0.737716, 0.859809, 0.821162, 0.272280, 0.829163, 0.991829, 0.787059, 0.574447, 0.767850, 0.151646, 0.686625, 0.762981, 0.919840, 0.606037, 0.508730, 1.201259, 0.352305, 0.792859, 0.784492, 0.734242, 
100000.000000, 100000.000000, 100000.000000, 100000.000000, 100000.000000, 100000.000000, 100000.000000, 100000.000000, 100000.000000, 100000.000000, 100000.000000, 100000.000000, 100000.000000, 100000.000000, 100000.000000, 100000.000000, 100000.000000, 100000.000000, 100000.000000, 100000.000000, 100000.000000, 100000.000000, 100000.000000, 0.000000, 100000.000000, 100000.000000, 100000.000000, 100000.000000, 100000.000000, 100000.000000, 100000.000000, 100000.000000, 100000.000000, 100000.000000, 100000.000000, 100000.000000, 100000.000000, 100000.000000, 100000.000000, 100000.000000, 100000.000000, 100000.000000, 100000.000000, 100000.000000, 100000.000000, 100000.000000, 100000.000000, 100000.000000, 100000.000000, 100000.000000, 100000.000000, 100000.000000, 100000.000000, 100000.000000, 100000.000000, 100000.000000, 100000.000000, 100000.000000, 100000.000000, 100000.000000, 100000.000000, 100000.000000, 100000.000000, 100000.000000, 100000.000000, 100000.000000, 100000.000000, 100000.000000, 100000.000000, 100000.000000, 100000.000000, 100000.000000, 100000.000000, 100000.000000, 100000.000000, 100000.000000, 100000.000000, 100000.000000, 100000.000000, 100000.000000, 100000.000000, 100000.000000, 100000.000000, 100000.000000, 100000.000000, 100000.000000, 100000.000000, 100000.000000, 100000.000000, 100000.000000, 100000.000000, 100000.000000, 100000.000000, 100000.000000, 100000.000000, 100000.000000, 100000.000000, 100000.000000, 100000.000000, 100000.000000, 
0.321878, 0.920689, 0.632949, 1.123676, 0.719252, 0.174944, 0.669743, 0.833406, 0.762703, 100000.000000, 0.645087, 0.560019, 0.826031, 0.930178, 1.140683, 0.636546, 0.706416, 0.449903, 0.838664, 0.664114, 0.356645, 0.541643, 0.151210, 100000.000000, 0.000000, 1.008957, 0.453163, 0.575954, 100000.000000, 1.011596, 0.722750, 0.708423, 0.736769, 0.899052, 0.404280, 0.640666, 0.842491, 1.067259, 0.258733, 0.046094, 0.576298, 0.413809, 0.557648, 0.496994, 1.010891, 0.674744, 1.437729, 0.512294, 0.775057, 0.410118, 0.782843, 0.624063, 0.210520, 0.486023, 0.622147, 0.539816, 0.920139, 0.176366, 0.276900, 0.544160, 0.055686, 0.227852, 0.517910, 0.844848, 0.407332, 0.368517, 0.798405, 0.585716, 0.825561, 0.094244, 0.916855, 0.820009, 0.818899, 0.643139, 0.238787, 1.018905, 0.640393, 0.508475, 0.414347, 0.734054, 0.714506, 0.798065, 0.825377, 0.213258, 0.852701, 0.959586, 0.763849, 0.515425, 0.708828, 0.302856, 0.627603, 0.767196, 0.923996, 0.547015, 0.396172, 1.060192, 0.369043, 0.778437, 0.725470, 0.675220, 
0.833643, 0.155342, 1.006557, 1.429946, 0.289705, 1.068378, 0.543786, 0.483591, 1.068974, 100000.000000, 0.634321, 0.866290, 0.681252, 0.829637, 1.446953, 0.704253, 0.627965, 0.692387, 0.693143, 1.009637, 0.662916, 0.864837, 0.991080, 100000.000000, 1.008957, 0.000000, 1.044679, 0.703522, 100000.000000, 1.139163, 0.655897, 0.629973, 0.623250, 0.315497, 0.753795, 1.025554, 0.646427, 0.922263, 0.896789, 0.962863, 1.022872, 0.865008, 0.843811, 0.685061, 0.269797, 0.857063, 1.480424, 0.767114, 1.098251, 0.733312, 1.089113, 0.545613, 0.931770, 0.793385, 0.453884, 0.889332, 0.348448, 1.093135, 1.187081, 0.834488, 1.064642, 0.914438, 0.705977, 0.826805, 1.056649, 1.055103, 0.841100, 0.596339, 0.503489, 0.914713, 0.487307, 0.719467, 1.048975, 0.772066, 1.059255, 0.506555, 0.947755, 0.857991, 0.720618, 1.040325, 0.500042, 0.719615, 0.449491, 1.130026, 0.754169, 1.406160, 0.448515, 0.789252, 0.697427, 0.989442, 0.882423, 0.414859, 1.214325, 0.815700, 1.154938, 0.891930, 0.639914, 0.633442, 0.999297, 0.930040, 
0.482336, 0.889337, 0.887436, 1.239340, 0.812776, 0.628107, 0.739706, 0.802055, 0.821070, 100000.000000, 0.531692, 0.732212, 0.895995, 0.890369, 1.256347, 0.523150, 0.595742, 0.410094, 0.819081, 0.918601, 0.528838, 0.722079, 0.512185, 100000.000000, 0.453163, 1.044679, 0.000000, 0.536145, 100000.000000, 0.971787, 0.609355, 0.597749, 0.623373, 0.752079, 0.290884, 0.918504, 0.884618, 1.034362, 0.545481, 0.407069, 0.854136, 0.730930, 0.768000, 0.616194, 0.980479, 0.846937, 1.555416, 0.398899, 0.955493, 0.590554, 0.862209, 0.513389, 0.571495, 0.372628, 0.590795, 0.234625, 0.889727, 0.276797, 0.176263, 0.430764, 0.508849, 0.588827, 0.595278, 0.869649, 0.045832, 0.729492, 0.916092, 0.655560, 0.785752, 0.455219, 1.010379, 0.780200, 0.497113, 0.603330, 0.361797, 1.039532, 0.526998, 0.186689, 0.586540, 0.849719, 0.833706, 0.687391, 0.895222, 0.574233, 0.742027, 1.237424, 0.833694, 0.402029, 0.595433, 0.663831, 0.514208, 0.837040, 0.810601, 0.433620, 0.572718, 1.028841, 0.551840, 0.848282, 0.612074, 0.524317, 
0.348060, 0.625179, 0.603393, 1.011826, 0.413817, 0.502042, 0.259231, 0.475676, 0.650853, 100000.000000, 0.440324, 0.448169, 0.415520, 0.569390, 1.028833, 0.435647, 0.613389, 0.126051, 0.497810, 0.634558, 0.244795, 0.446716, 0.424743, 100000.000000, 0.575954, 0.703522, 0.536145, 0.000000, 100000.000000, 0.435642, 0.381290, 0.528472, 0.348642, 0.497518, 0.419411, 0.597234, 0.440958, 0.656937, 0.397559, 0.529860, 0.532866, 0.446887, 0.289099, 0.095460, 0.609357, 0.562894, 1.228017, 0.311396, 0.680131, 0.315191, 0.670992, 0.531036, 0.365434, 0.337667, 0.518008, 0.554947, 0.518606, 0.660132, 0.620745, 0.280890, 0.536768, 0.348102, 0.116376, 0.542250, 0.490313, 0.488767, 0.588693, 0.184182, 0.454292, 0.525743, 0.611419, 0.459220, 0.834030, 0.282059, 0.670285, 0.676713, 0.492037, 0.523606, 0.302497, 0.622204, 0.312972, 0.438830, 0.423844, 0.595257, 0.479561, 0.916153, 0.362315, 0.333812, 0.504065, 0.423106, 0.426705, 0.365662, 0.660726, 0.359981, 0.877254, 0.956054, 0.267798, 0.368116, 0.543857, 0.474322, 
100000.000000, 100000.000000, 100000.000000, 100000.000000, 100000.000000, 100000.000000, 100000.000000, 100000.000000, 100000.000000, 100000.000000, 100000.000000, 100000.000000, 100000.000000, 100000.000000, 100000.000000, 100000.000000, 100000.000000, 100000.000000, 100000.000000, 100000.000000, 100000.000000, 100000.000000, 100000.000000, 100000.000000, 100000.000000, 100000.000000, 100000.000000, 100000.000000, 0.000000, 100000.000000, 100000.000000, 100000.000000, 100000.000000, 100000.000000, 100000.000000, 100000.000000, 100000.000000, 100000.000000, 100000.000000, 100000.000000, 100000.000000, 100000.000000, 100000.000000, 100000.000000, 100000.000000, 100000.000000, 100000.000000, 100000.000000, 100000.000000, 100000.000000, 100000.000000, 100000.000000, 100000.000000, 100000.000000, 100000.000000, 100000.000000, 100000.000000, 100000.000000, 100000.000000, 100000.000000, 100000.000000, 100000.000000, 100000.000000, 100000.000000, 100000.000000, 100000.000000, 100000.000000, 100000.000000, 100000.000000, 100000.000000, 100000.000000, 100000.000000, 100000.000000, 100000.000000, 100000.000000, 100000.000000, 100000.000000, 100000.000000, 100000.000000, 100000.000000, 100000.000000, 100000.000000, 100000.000000, 100000.000000, 100000.000000, 100000.000000, 100000.000000, 100000.000000, 100000.000000, 100000.000000, 100000.000000, 100000.000000, 100000.000000, 100000.000000, 100000.000000, 100000.000000, 100000.000000, 100000.000000, 100000.000000, 100000.000000, 
0.783702, 1.060821, 1.039035, 1.447468, 0.849459, 0.937684, 0.694873, 0.911318, 1.086495, 100000.000000, 0.875966, 0.883811, 0.851161, 1.005031, 1.464475, 0.871289, 1.049030, 0.561693, 0.933452, 1.070200, 0.680437, 0.882358, 0.860385, 100000.000000, 1.011596, 1.139163, 0.971787, 0.435642, 100000.000000, 0.000000, 0.816932, 0.964114, 0.784284, 0.933160, 0.855052, 1.032875, 0.876599, 1.092579, 0.833201, 0.965501, 0.968507, 0.882529, 0.724741, 0.531102, 1.044999, 0.998536, 1.663659, 0.747038, 1.115772, 0.750833, 1.106634, 0.966678, 0.801075, 0.773309, 0.953650, 0.990589, 0.954247, 1.095773, 1.056387, 0.716531, 0.972410, 0.783744, 0.552018, 0.977892, 0.925955, 0.924409, 1.024335, 0.619824, 0.889934, 0.961384, 1.047061, 0.894862, 1.269672, 0.717701, 1.105927, 1.112354, 0.927679, 0.959248, 0.738139, 1.057846, 0.748614, 0.874472, 0.859485, 1.030898, 0.915203, 1.351795, 0.797957, 0.769454, 0.939707, 0.858748, 0.862346, 0.801304, 1.096368, 0.795623, 1.312896, 1.391696, 0.703439, 0.803757, 0.979499, 0.909964, 
0.574788, 0.500555, 0.984683, 1.322968, 0.607159, 0.837382, 0.536769, 0.413273, 0.961995, 100000.000000, 0.124329, 0.759311, 0.655073, 0.914373, 1.339975, 0.232682, 0.232099, 0.507341, 0.775055, 1.015848, 0.626085, 0.828006, 0.781772, 100000.000000, 0.722750, 0.655897, 0.609355, 0.381290, 100000.000000, 0.816932, 0.000000, 0.234106, 0.032647, 0.660710, 0.318471, 0.943643, 0.709518, 0.896084, 0.624287, 0.676656, 0.879276, 0.828177, 0.515827, 0.364020, 0.615010, 0.938975, 1.505555, 0.257122, 1.061421, 0.696481, 0.982134, 0.149746, 0.746723, 0.283393, 0.202013, 0.454007, 0.618825, 0.755292, 0.785618, 0.178591, 0.718124, 0.729392, 0.343104, 0.819788, 0.655186, 0.836280, 0.866231, 0.452742, 0.434657, 0.724806, 0.804761, 0.804204, 0.733090, 0.628469, 0.740729, 0.776932, 0.437763, 0.422666, 0.683787, 0.933346, 0.581533, 0.323748, 0.517782, 0.843819, 0.163566, 1.262563, 0.556943, 0.279260, 0.188070, 0.770619, 0.372431, 0.523287, 0.558427, 0.305707, 0.951650, 0.640059, 0.649087, 0.607263, 0.489305, 0.420048, 
0.685612, 0.474631, 1.028613, 1.210057, 0.575750, 0.771996, 0.605761, 0.381864, 0.849084, 100000.000000, 0.131195, 0.646400, 0.656681, 0.915980, 1.227064, 0.195228, 0.166713, 0.654523, 0.777249, 1.059778, 0.773267, 0.936291, 0.770167, 100000.000000, 0.708423, 0.629973, 0.597749, 0.528472, 100000.000000, 0.964114, 0.234106, 0.000000, 0.222877, 0.634786, 0.306865, 0.837441, 0.723231, 0.993312, 0.735111, 0.665051, 0.901809, 0.936462, 0.402916, 0.433012, 0.589086, 0.941169, 1.557228, 0.263987, 1.049230, 0.804766, 0.869223, 0.084360, 0.750044, 0.290259, 0.176089, 0.442402, 0.644822, 0.743686, 0.774013, 0.412697, 0.652738, 0.732712, 0.453928, 0.888780, 0.643581, 0.723368, 0.917904, 0.521734, 0.403248, 0.713201, 0.762427, 0.805811, 0.721485, 0.697461, 0.747594, 0.562579, 0.396411, 0.411061, 0.792072, 0.820435, 0.650525, 0.089642, 0.550060, 0.829858, 0.144278, 1.285097, 0.525534, 0.286125, 0.067454, 0.657708, 0.379296, 0.491878, 0.792534, 0.312573, 0.958516, 0.614135, 0.796270, 0.704491, 0.496170, 0.426913, 
0.607435, 0.467908, 0.952035, 1.355615, 0.574511, 0.850684, 0.569417, 0.380625, 0.994642, 100000.000000, 0.091682, 0.791959, 0.655442, 0.914742, 1.372622, 0.200035, 0.264746, 0.474693, 0.776011, 0.983201, 0.593438, 0.795358, 0.773386, 100000.000000, 0.736769, 0.623250, 0.623373, 0.348642, 100000.000000, 0.784284, 0.032647, 0.222877, 0.000000, 0.628062, 0.332489, 0.945876, 0.721992, 0.928732, 0.656934, 0.690675, 0.881508, 0.795530, 0.548474, 0.396668, 0.582362, 0.911536, 1.538203, 0.224474, 1.028773, 0.663833, 1.014782, 0.182394, 0.714076, 0.250746, 0.169366, 0.468026, 0.586177, 0.769310, 0.799637, 0.211238, 0.750771, 0.696744, 0.375751, 0.852436, 0.669205, 0.837409, 0.898879, 0.485390, 0.402009, 0.738825, 0.772114, 0.804572, 0.747109, 0.630701, 0.708081, 0.744284, 0.405115, 0.436685, 0.651140, 0.965994, 0.614180, 0.312519, 0.485134, 0.857838, 0.130919, 1.264796, 0.524295, 0.246612, 0.155423, 0.771748, 0.339783, 0.490640, 0.591075, 0.273060, 0.919003, 0.607412, 0.616440, 0.639911, 0.456657, 0.387400, 
0.654203, 0.160155, 1.011370, 1.402838, 0.463150, 0.962625, 0.548599, 0.529686, 1.041865, 100000.000000, 0.639134, 0.839181, 0.607859, 0.834449, 1.419845, 0.709066, 0.632778, 0.623569, 0.697956, 1.014450, 0.742313, 0.909362, 0.922261, 100000.000000, 0.899052, 0.315497, 0.752079, 0.497518, 100000.000000, 0.933160, 0.660710, 0.634786, 0.628062, 0.000000, 0.669586, 0.981681, 0.651240, 0.848870, 0.704157, 0.916796, 0.917313, 0.911619, 0.595697, 0.402058, 0.274609, 0.861876, 1.485237, 0.771927, 1.132884, 0.777837, 1.062005, 0.550426, 0.862952, 0.751330, 0.458697, 0.613327, 0.353261, 0.898016, 0.928342, 0.587488, 0.843366, 0.845620, 0.422974, 0.831618, 0.797911, 0.916150, 0.845913, 0.490780, 0.508302, 0.868646, 0.502847, 0.724280, 0.845419, 0.666507, 0.983016, 0.302999, 0.905699, 0.565390, 0.767228, 1.013216, 0.184546, 0.724428, 0.376098, 1.022640, 0.758981, 1.300601, 0.453327, 0.780731, 0.702239, 0.850489, 0.887236, 0.419672, 0.967325, 0.812322, 1.159751, 0.896743, 0.765316, 0.560049, 0.990776, 0.934853, 
0.383248, 0.598453, 0.912573, 1.140252, 0.705057, 0.579224, 0.448822, 0.511171, 0.721981, 100000.000000, 0.240807, 0.641945, 0.605111, 0.827733, 1.157259, 0.232266, 0.304858, 0.545462, 0.686989, 0.943738, 0.553975, 0.638407, 0.463302, 100000.000000, 0.404280, 0.753795, 0.290884, 0.419411, 100000.000000, 0.855052, 0.318471, 0.306865, 0.332489, 0.669586, 0.000000, 0.832987, 0.621452, 0.846219, 0.446393, 0.358185, 0.791209, 0.640664, 0.477116, 0.325310, 0.712908, 0.756670, 1.417608, 0.108015, 0.871822, 0.506882, 0.763121, 0.222505, 0.522611, 0.081744, 0.299911, 0.135537, 0.699099, 0.436821, 0.467148, 0.139880, 0.459965, 0.539943, 0.304393, 0.731841, 0.336716, 0.680608, 0.778284, 0.364676, 0.532555, 0.406335, 0.831369, 0.717564, 0.414620, 0.540403, 0.521821, 0.857207, 0.236113, 0.104196, 0.496273, 0.750630, 0.542822, 0.396507, 0.604338, 0.525349, 0.451143, 1.174497, 0.542809, 0.111145, 0.304549, 0.614947, 0.223324, 0.546156, 0.519717, 0.142736, 0.732742, 0.737957, 0.576978, 0.557397, 0.321190, 0.270941, 
0.449739, 0.870212, 0.191172, 0.754698, 0.767626, 0.465722, 0.548384, 0.720494, 0.393725, 100000.000000, 0.968636, 0.191041, 0.445677, 0.428523, 0.771705, 1.032669, 1.004154, 0.508411, 0.444664, 0.222337, 0.394415, 0.480932, 0.608314, 100000.000000, 0.640666, 1.025554, 0.918504, 0.597234, 100000.000000, 1.032875, 0.943643, 0.837441, 0.945876, 0.981681, 0.832987, 0.000000, 0.379127, 0.572516, 0.512884, 0.653643, 0.064368, 0.481103, 0.434526, 0.579623, 0.768025, 0.481025, 0.995952, 0.908629, 0.340772, 0.349407, 0.413865, 0.921801, 0.549004, 0.914730, 0.931753, 0.697450, 0.724493, 0.783915, 0.884448, 0.765053, 0.584980, 0.531673, 0.600539, 0.403071, 0.872673, 0.672338, 0.356628, 0.490901, 0.699325, 0.675362, 0.713471, 0.318354, 1.055810, 0.315175, 0.819905, 0.838552, 1.069100, 0.745386, 0.336713, 0.365076, 0.797136, 0.922993, 0.623450, 0.486479, 0.981719, 0.447656, 0.577040, 0.929624, 0.904895, 0.606677, 1.023938, 0.610695, 1.129558, 0.957215, 0.925467, 1.369799, 0.417417, 0.439499, 1.139669, 1.071555, 
0.598098, 0.491085, 0.360129, 0.918112, 0.535253, 0.838753, 0.222839, 0.341367, 0.625076, 100000.000000, 0.733064, 0.553447, 0.066550, 0.325850, 0.901105, 0.802995, 0.726708, 0.474524, 0.065537, 0.363209, 0.547556, 0.634073, 0.761455, 100000.000000, 0.842491, 0.646427, 0.884618, 0.440958, 100000.000000, 0.876599, 0.709518, 0.723231, 0.721992, 0.651240, 0.621452, 0.379127, 0.000000, 0.403182, 0.647597, 0.860235, 0.443495, 0.634244, 0.504247, 0.345498, 0.475263, 0.229457, 0.833997, 0.729466, 0.481644, 0.502548, 0.610908, 0.644356, 0.702145, 0.703195, 0.552627, 0.756988, 0.384512, 0.809386, 0.909919, 0.530927, 0.786806, 0.684813, 0.366414, 0.222183, 0.838786, 0.820586, 0.194673, 0.256776, 0.320199, 0.812085, 0.388332, 0.215681, 1.036071, 0.281288, 0.894385, 0.513413, 0.857565, 0.725647, 0.489854, 0.653725, 0.481302, 0.633589, 0.289750, 0.865606, 0.852911, 0.826782, 0.197913, 0.732597, 0.790685, 0.759039, 0.844775, 0.231569, 0.910764, 0.764187, 1.105306, 0.990673, 0.570558, 0.114360, 0.942642, 0.892392, 
